01504
01540
01520
00008
00798
00471
00039
00595
00386
00724
00005
00280
01630
00096
00500
01470
00541
01544
00011
00794
01264
00384
01744
00245
00149
01448
01341
00838
00725
01109
00297
01362
00972
01741
01364
00060
00773
00882
00907
00944
01761
01657
00224
00069
01209
01107
00048
00968
01584
01391
00643
01262
01298
00992
01072
00447
01222
00432
00478
01721
01005
01823
01653
00307
00538
00945
01297
01265
00958
01334
01345
00131
01715
00089
01786
01825
01252
01545
01783
01934
01187
01071
00460
01719
00677
00876
01498
01526
00721
00455
00698
00747
01134
00098
00135
01115
01589
00160
01163
00377
00608
00766
00653
00112
00610
01751
01279
00863
01731
00943
01908
01426
01884
01055
01089
01512
00873
00982
01100
01947
01449
01099
01682
01179
00174
01894
00626
01181
01875
00139
01477
01124
01525
01510
00579
01254
01560
00697
01674
01380
01609
00884
01838
01858
00825
00701
01676
00208
00718
00027