00031
00070
00085
00133
00158
00175
00193
00198
00209
00230
00247
00274
00294
00308
00315
00390
00403
00407
00435
00468
00473
00508
00521
00525
00556
00559
00589
00604
00621
00644
00662
00677
00692
00704
00710
00752
00761
00817
00845
00889
00903
00937
00948
01003
01015
01035
01047
01073
01087
01109
01133
01151
01164
01169
01177
01210
01239
01255
01260
01289
01309
01313
01340
01373
01407
01433
01456
01465
01498
01507
01513
01540
01564
01621
01626
01679
01699
01710
01720
01724
01738
01747
01767
01773
01777
01798
01809
01819
01831
01857
01875
01915
01925
01932
01951
01961
01970
01974
01982
01985
