00001
00006
00010
00015
00018
00022
00025
00032
00038
00041
00045
00048
00051
00056
00061
00064
00069
00073
00078
00086
00089
00095
00100
00104
00112
00116
00119
00126
00131
00135
00138
00144
00148
00151
00155
00159
00163
00168
00173
00177
00180
00184
00187
00190
00193
00199
00205
00210
00213
00219
00222
00226
00229
00234
00239
00243
00246
00249
00252
00255
00258
00262
00270
00276
00279
00282
00285
00288
00292
00296
00299
00305
00309
00313
00317
00325
00328
00332
00335
00340
00345
00349
00353
00356
00359
00363
00372
00376
00382
00385
00389
00394
00399
00402
00406
00413
00416
00421
00424
00428
00431
00434
00440
00444
00448
00451
00454
00458
00464
00468
00471
00475
00480
00486
00491
00500
00503
00506
00518
00521
00526
00530
00533
00537
00540
00543
00547
00551
00555
00558
00562
00568
00572
00576
00579
00582
00585
00588
00594
00597
00600
00603
00608
00613
00616
00619
00622
00628
00632
00638
00642
00647
00650
00653
00656
00659
00665
00673
00680
00683
00686
00689
00694
00698
00701
00704
00707
00710
00714
00717
00721
00724
00728
00731
00734
00739
00743
00747
00752
00755
00761
00765
00770
00777
00780
00783
00788
00791
00796
00800
00810
00814
00818
00821
00824
00828
00832
00835
00838
00843
00848
00851
00857
00861
00865
00870
00877
00882
00885
00889
00892
00896
00899
00903
00907
00911
00916
00920
00926
00931
00935
00939
00943
00946
00949
00952
00955
00958
00963
00966
00970
00975
00981
00984
00988
00991
00995
00998
01001
01008
01011
01016
01019
01022
01025
01029
01033
01038
01041
01044
01049
01052
01055
01060
01065
01071
01076
01079
01085
01090
01093
01096
01099
01102
01106
01116
01123
01129
01134
01137
01142
01146
01149
01153
01157
01161
01164
01169
01172
01175
01181
01184
01188
01191
01197
01204
01207
01211
01219
01226
01230
01234
01241
01245
01248
01252
01255
01259
01262
01265
01270
01275
01279
01282
01286
01289
01294
01297
01302
01308
01315
01319
01323
01326
01331
01334
01337
01342
01346
01352
01358
01362
01367
01375
01378
01382
01386
01393
01397
01402
01405
01408
01411
01415
01422
01425
01428
01432
01436
01440
01443
01447
01451
01458
01461
01465
01468
01472
01476
01479
01483
01486
01489
01493
01497
01503
01506
01511
01514
01518
01521
01526
01529
01533
01537
01544
01547
01553
01558
01562
01568
01572
01575
01578
01586
01591
01594
01600
01603
01607
01610
01615
01620
01626
01630
01634
01637
01640
01643
01647
01650
01654
01659
01662
01666
01670
01676
01682
01685
01691
01696
01699
01704
01707
01711
01714
01717
01720
01723
01726
01730
01733
01736
01741
01745
01750
01753
01756
01764
01767
01770
01773
01776
01779
01784
01788
01792
01796
01799
01804
01810
01814
01818
01822
01825
01828
01832
01837
01841
01844
01847
01851
01855
01862
01865
01871
01874
01877
01882
01885
01894
01899
01902
01906
01910
01914
01917
01921
01926
01929
01935
01939
01944
01950
01954
01958
01961
01964
01969
01974
01978
01981
01984
01987
01990
01995
01998
