00001
00002
00005
00006
00007
00008
00010
00012
00013
00015
00016
00017
00018
00020
00021
00022
00023
00024
00025
00027
00031
00032
00034
00036
00038
00039
00040
00041
00042
00044
00045
00046
00047
00048
00049
00050
00051
00054
00055
00056
00059
00060
00061
00062
00063
00064
00066
00067
00069
00071
00072
00073
00074
00076
00078
00079
00084
00086
00087
00088
00089
00091
00092
00095
00096
00098
00100
00101
00103
00104
00107
00109
00112
00114
00115
00116
00117
00118
00119
00120
00124
00126
00127
00129
00131
00133
00134
00135
00136
00137
00138
00139
00140
00144
00145
00146
00148
00149
00150
00151
00153
00154
00155
00156
00158
00159
00160
00162
00163
00165
00166
00168
00169
00172
00173
00174
00176
00177
00178
00179
00180
00182
00183
00184
00185
00186
00187
00188
00189
00190
00191
00192
00193
00195
00198
00199
00200
00204
00205
00206
00207
00210
00211
00212
00213
00216
00217
00219
00220
00221
00222
00224
00225
00226
00227
00228
00229
00231
00233
00234
00236
00237
00239
00240
00241
00243
00244
00245
00246
00247
00248
00249
00250
00251
00252
00253
00254
00255
00256
00257
00258
00260
00261
00262
00263
00265
00270
00273
00274
00276
00277
00278
00279
00280
00281
00282
00283
00284
00285
00286
00287
00288
00289
00290
00292
00293
00295
00296
00297
00298
00299
00302
00304
00305
00307
00308
00309
00310
00311
00313
00314
00316
00317
00319
00322
00325
00326
00327
00328
00329
00330
00332
00333
00334
00335
00336
00337
00340
00342
00344
00345
00347
00348
00349
00351
00352
00353
00354
00355
00356
00357
00358
00359
00360
00361
00363
00366
00369
00372
00373
00374
00376
00377
00380
00382
00383
00384
00385
00386
00388
00389
00390
00392
00394
00397
00398
00399
00400
00401
00402
00403
00405
00406
00407
00409
00413
00414
00415
00416
00418
00420
00421
00422
00423
00424
00425
00426
00428
00429
00430
00431
00432
00433
00434
00435
00437
00440
00441
00442
00444
00445
00447
00448
00449
00450
00451
00452
00453
00454
00455
00456
00458
00459
00460
00464
00465
00466
00468
00469
00470
00471
00473
00474
00475
00478
00479
00480
00481
00482
00486
00489
00490
00491
00495
00497
00500
00501
00502
00503
00504
00505
00506
00508
00512
00518
00519
00520
00521
00522
00523
00526
00527
00529
00530
00531
00532
00533
00535
00536
00537
00538
00539
00540
00541
00542
00543
00545
00546
00547
00548
00549
00551
00552
00554
00555
00556
00557
00558
00559
00561
00562
00563
00566
00568
00569
00570
00572
00574
00575
00576
00577
00578
00579
00580
00581
00582
00583
00584
00585
00586
00587
00588
00591
00592
00594
00595
00596
00597
00598
00599
00600
00601
00602
00603
00604
00606
00608
00610
00611
00613
00614
00615
00616
00617
00618
00619
00620
00621
00622
00624
00625
00628
00630
00631
00632
00633
00635
00638
00640
00641
00642
00643
00646
00647
00648
00649
00650
00651
00652
00653
00654
00655
00656
00657
00658
00659
00661
00663
00665
00667
00672
00673
00674
00676
00680
00681
00682
00683
00684
00685
00686
00687
00688
00689
00691
00693
00694
00696
00697
00698
00699
00700
00701
00702
00703
00704
00705
00706
00707
00708
00709
00710
00712
00713
00714
00715
00716
00717
00718
00719
00721
00722
00723
00724
00725
00726
00728
00729
00730
00731
00732
00733
00734
00737
00738
00739
00740
00741
00743
00744
00745
00747
00750
00751
00752
00753
00754
00755
00759
00760
00761
00763
00764
00765
00766
00767
00770
00772
00773
00777
00778
00779
00780
00781
00782
00783
00784
00787
00788
00789
00790
00791
00793
00795
00796
00798
00799
00800
00802
00808
00810
00811
00813
00814
00815
00817
00818
00819
00820
00821
00822
00823
00824
00825
00827
00828
00829
00831
00832
00833
00834
00835
00836
00837
00838
00839
00840
00843
00844
00847
00848
00849
00850
00851
00852
00853
00857
00858
00859
00861
00862
00864
00865
00866
00867
00870
00873
00874
00877
00879
00880
00882
00883
00884
00885
00887
00888
00889
00890
00891
00892
00893
00895
00896
00897
00898
00899
00901
00902
00903
00904
00906
00907
00908
00910
00911
00913
00915
00916
00917
00919
00920
00923
00925
00926
00929
00930
00931
00932
00933
00935
00936
00938
00939
00940
00941
00943
00944
00945
00946
00947
00948
00949
00950
00951
00952
00953
00954
00955
00956
00957
00958
00960
00961
00963
00964
00965
00966
00968
00969
00970
00972
00973
00975
00976
00980
00981
00982
00983
00984
00985
00987
00988
00989
00990
00991
00992
00993
00995
00996
00997
00998
00999
01000
01001
01004
01005
01008
01009
01010
01011
01013
01015
01016
01017
01018
01019
01020
01021
01022
01023
01024
01025
01026
01028
01029
01030
01031
01033
01034
01036
01038
01039
01040
01041
01042
01043
01044
01047
01048
01049
01050
01051
01052
01053
01054
01055
01056
01059
01060
01062
01064
01065
01066
01069
01071
01073
01074
01076
01077
01078
01079
01081
01082
01085
01086
01089
01090
01091
01092
01093
01094
01095
01096
01097
01098
01099
01100
01101
01102
01104
01105
01106
01107
01113
01116
01117
01122
01123
01127
01128
01129
01130
01132
01134
01135
01136
01137
01138
01141
01142
01143
01145
01146
01147
01148
01149
01151
01152
01153
01155
01156
01157
01158
01160
01161
01162
01163
01164
01167
01168
01169
01170
01171
01172
01173
01174
01175
01176
01179
01181
01182
01183
01184
01186
01187
01188
01189
01190
01191
01192
01196
01197
01199
01201
01204
01205
01206
01207
01208
01210
01211
01217
01218
01219
01221
01225
01226
01227
01228
01230
01231
01233
01234
01235
01239
01241
01243
01244
01245
01246
01247
01248
01250
01251
01252
01253
01254
01255
01256
01258
01259
01260
01261
01262
01263
01264
01265
01266
01268
01270
01271
01274
01275
01276
01277
01279
01280
01281
01282
01283
01284
01286
01287
01288
01289
01290
01292
01294
01295
01296
01297
01299
01300
01302
01303
01305
01308
01310
01314
01315
01316
01317
01319
01320
01321
01323
01324
01325
01326
01328
01330
01331
01332
01333
01334
01335
01336
01337
01339
01341
01342
01343
01345
01346
01349
01350
01352
01354
01357
01358
01360
01361
01362
01364
01366
01367
01368
01370
01375
01376
01377
01378
01379
01380
01382
01383
01384
01386
01389
01391
01393
01395
01396
01397
01399
01401
01402
01403
01404
01405
01406
01407
01408
01409
01410
01411
01412
01414
01415
01420
01421
01422
01423
01424
01425
01426
01427
01428
01429
01430
01432
01433
01434
01436
01437
01438
01440
01441
01442
01443
01444
01446
01447
01448
01450
01451
01454
01456
01458
01459
01460
01461
01463
01464
01465
01466
01467
01468
01469
01471
01472
01473
01475
01476
01477
01478
01479
01480
01482
01483
01484
01485
01486
01487
01488
01489
01490
01492
01493
01494
01496
01497
01501
01502
01503
01504
01505
01506
01509
01510
01511
01512
01513
01514
01515
01517
01518
01519
01520
01521
01524
01525
01526
01527
01528
01529
01530
01532
01533
01535
01536
01537
01540
01542
01544
01545
01546
01547
01548
01552
01553
01555
01556
01558
01559
01561
01562
01564
01565
01568
01569
01570
01572
01573
01574
01575
01576
01577
01578
01580
01584
01586
01587
01589
01591
01592
01593
01594
01596
01598
01600
01601
01602
01603
01604
01606
01607
01608
01609
01610
01611
01613
01615
01617
01618
01620
01623
01624
01626
01627
01628
01630
01631
01633
01634
01635
01636
01637
01638
01639
01640
01641
01642
01643
01644
01645
01647
01648
01649
01650
01652
01653
01654
01655
01658
01659
01660
01661
01662
01663
01664
01666
01668
01669
01670
01673
01675
01676
01677
01678
01682
01683
01684
01685
01686
01690
01691
01692
01695
01696
01697
01698
01699
01700
01703
01704
01705
01706
01707
01709
01710
01711
01712
01713
01714
01715
01716
01717
01718
01719
01720
01721
01722
01723
01724
01725
01726
01728
01729
01730
01731
01732
01733
01734
01735
01736
01737
01738
01741
01743
01744
01745
01747
01749
01750
01751
01752
01753
01754
01755
01756
01760
01763
01764
01765
01766
01767
01768
01769
01770
01771
01772
01773
01774
01775
01776
01777
01778
01779
01780
01783
01784
01786
01787
01788
01789
01791
01792
01794
01795
01796
01797
01798
01799
01801
01803
01804
01807
01808
01810
01812
01813
01814
01816
01817
01818
01819
01820
01822
01823
01824
01825
01826
01827
01828
01829
01831
01832
01833
01835
01837
01839
01840
01841
01842
01843
01844
01845
01846
01847
01849
01850
01851
01852
01854
01855
01856
01859
01862
01863
01864
01865
01869
01870
01871
01872
01873
01874
01875
01876
01877
01878
01879
01882
01883
01884
01885
01889
01890
01894
01897
01898
01899
01900
01901
01902
01903
01904
01906
01908
01909
01910
01912
01913
01914
01915
01916
01917
01918
01920
01921
01922
01924
01926
01927
01928
01929
01930
01933
01935
01936
01938
01939
01940
01942
01944
01947
01949
01950
01951
01952
01954
01955
01957
01958
01959
01960
01961
01962
01963
01964
01966
01968
01969
01970
01972
01974
01975
01976
01978
01979
01980
01981
01982
01983
01984
01985
01986
01987
01988
01989
01990
01993
01994
01995
01996
01997
01998
01999
02000
